27.133295 3.515402 0.445086
17.844873 2.063803 0.275283
26.055151 2.995442 0.414738
30.277685 3.316631 0.449964
25.986397 3.283687 0.363754
22.416925 3.049165 0.399045
24.282125 2.397236 0.408974
20.251095 2.685008 0.293590
25.415964 2.864796 0.585678
26.201431 4.048398 0.406933
25.026131 4.071653 0.443966
23.058634 2.908408 0.410237
22.939163 2.923723 0.356308
29.093935 3.646516 0.635650
26.387667 2.654448 0.641756
26.014776 2.956674 0.473551
20.607725 2.623628 0.280022
22.716862 2.540656 0.381938
19.685083 2.380307 0.226044
22.081091 3.294738 0.287317
23.881773 2.848462 0.384698
24.200451 2.690456 0.426235
20.895056 2.350132 0.363055
16.639643 1.945382 0.185571
19.178253 2.449654 0.231583
17.037628 2.109624 0.137595
21.387806 2.804164 0.212778
20.660948 2.579718 0.240717
19.654049 2.126863 0.340602
20.646051 2.604087 0.336945
16.392492 2.179654 0.202211
22.684420 2.622304 0.217632
27.419086 3.004438 0.352783
27.205856 3.522859 0.649076
31.038910 3.236030 0.735463
20.111494 2.763813 0.260859
28.876894 4.430536 0.420887
27.109562 3.658928 0.378642
23.013716 2.528477 0.400684
20.916079 2.528189 0.268724
22.931517 2.590852 0.276700
18.828524 2.470585 0.198728
20.118658 2.404386 0.297833
19.975481 2.555154 0.354936
25.796135 2.738144 0.346474
31.491409 4.183165 0.525706
25.676664 3.369306 0.414862
24.209831 2.950108 0.394353
22.192623 2.514925 0.355668
28.385908 3.507001 0.510716
21.252338 2.783208 0.282840
18.470186 2.999064 0.170256
20.331181 2.724324 0.190627
16.314871 1.912788 0.130846
19.401894 2.713951 0.233424
23.789951 2.885458 0.388628
25.770134 3.134638 0.425342
21.768808 2.769327 0.450442
25.333307 3.260039 0.387644
23.775339 3.566894 0.418901
21.362322 2.622216 0.339063
17.587826 1.917920 0.276143
13.327369 1.438867 0.142906
19.166834 2.156159 0.299339
22.936174 3.398976 0.426319
29.239819 3.710650 0.553512
25.073355 3.291223 0.607823
24.255859 3.583832 0.485012
24.077242 2.878361 0.428602
23.174595 2.639526 0.448318
20.560595 1.965693 0.415220
29.116129 3.409590 0.431242
25.214840 2.884537 0.344366
16.004341 1.848361 0.163055
18.416552 2.387396 0.372600
28.860619 3.865668 0.426059
31.613739 3.865668 0.524153
24.607126 3.005684 0.505852
30.309475 3.607073 0.442929
23.813877 2.793354 0.434745
25.525192 2.793354 0.445123
22.440388 2.484162 0.365521
25.716642 3.000889 0.480777
24.041559 3.905522 0.342994
27.318590 3.286487 0.438636
27.530622 2.947917 0.442189
29.830704 3.122731 0.557119
24.343767 2.844086 0.372674
15.853661 1.708559 0.180019
16.280390 1.977624 0.181047
21.558041 2.892548 0.263671
23.303175 3.085757 0.332196
21.913118 2.895325 0.410843
31.263601 3.115147 0.632584
26.908802 3.863372 0.391089
21.020845 3.090061 0.349672
23.843830 3.055610 0.488320
21.947220 3.422875 0.401215
30.055782 3.337528 0.585686
28.350538 3.674525 0.581971
20.994711 2.935696 0.387931
26.441380 3.218261 0.619234
21.702271 2.531919 0.445245
21.784161 2.358767 0.427918
23.014414 2.444428 0.497647
24.455521 2.460097 0.676132
24.333731 3.023849 0.606843
29.050900 4.416732 0.523051
26.274435 2.763636 0.485343
30.644848 3.382730 0.394183
25.565519 3.235486 0.265913
27.364063 3.587684 0.401714
27.519747 3.631952 0.414660
18.651445 2.151250 0.299436
32.182907 4.517539 0.397666
35.891159 3.794473 0.547053
33.258415 3.633691 0.454011
25.295712 2.923141 0.434266
23.331573 3.779842 0.349291
26.106119 3.136796 0.461235
32.325207 3.296375 0.631593
19.091747 2.546931 0.321609
23.917334 2.786280 0.321669
26.717737 4.068933 0.447167
21.998436 2.918389 0.408505
25.672409 3.713110 0.409936
27.488125 3.595514 0.489730
20.195663 2.408165 0.438965
18.768284 2.321206 0.341243
22.791653 2.570729 0.339367
30.709551 3.424760 0.475117
21.825838 2.589841 0.363573
22.230528 2.955626 0.320876
21.848553 2.529731 0.276411
16.716236 1.994152 0.136514
23.521322 3.015480 0.275830
28.389257 3.363103 0.457668
27.636053 3.548826 0.493108
26.513618 4.518486 0.568195
20.315937 1.986447 0.342725
21.354208 2.091530 0.399476
23.197889 2.630329 0.509817
24.231800 2.649705 0.318807
25.987000 2.992948 0.397865
25.546528 3.588805 0.476069
32.154881 3.328925 0.727504
37.026474 3.844505 0.803985
24.400013 3.207034 0.405805
22.133183 2.377766 0.403532
33.214470 3.877542 0.516543
32.618668 3.878731 0.510170
20.124466 2.685974 0.329334
28.387012 3.155294 0.601899
29.019676 3.213497 0.644106
20.940248 2.290180 0.331310
19.781267 2.424756 0.290359
30.039724 3.872467 0.539424
19.638325 2.503210 0.329563
26.942354 3.146734 0.567933
26.323763 3.597669 0.524520
18.576906 2.476994 0.294322
16.712889 2.168083 0.269604
22.255203 3.313062 0.346872
20.106073 2.355598 0.432639
22.047106 2.587007 0.368170
27.320330 3.168886 0.545744
23.318218 3.406354 0.346001
30.097864 3.701343 0.478454
20.433800 2.754673 0.405194
28.255739 3.662643 0.539584
23.750746 2.861441 0.228608
26.791492 3.495347 0.305875
26.007549 3.074814 0.430227
24.991362 3.064307 0.485367
17.160063 1.837953 0.099912
26.735422 3.092778 0.477688
26.969425 3.383809 0.405822
29.278517 3.458376 0.408696
20.647417 2.386065 0.234463
21.504175 2.580524 0.320523
26.772930 3.620115 0.471793
20.249306 2.787815 0.297712
19.862204 2.245343 0.325373
26.995304 2.747804 0.442319
26.903175 2.908325 0.409106
16.892323 2.083067 0.249591
37.571701 5.323457 0.655702
28.609106 3.654523 0.578193
28.990431 4.330113 0.526415
32.493538 4.036122 0.680119
24.682571 2.927172 0.362667
28.472038 3.931168 0.554172
22.061113 2.729396 0.328174
23.270973 2.600846 0.186577
27.068247 3.134185 0.421046
21.688963 3.177288 0.229590
37.486107 4.114062 0.572727
28.842136 3.548160 0.474474
34.092087 3.548160 0.620561
27.307974 3.357079 0.433104
26.678650 3.237642 0.451330
34.285633 5.124630 0.578084
24.662882 3.310013 0.426519
21.649277 2.728683 0.280889
22.197916 2.753339 0.276212
28.787544 3.114384 0.528283
21.719486 2.300155 0.300268
26.357367 2.967696 0.591874
29.574753 3.407545 0.561516
28.333733 3.334137 0.466573
25.011896 3.334137 0.415440
25.672363 4.022264 0.405713
17.267323 2.154810 0.201451
19.811859 2.720124 0.357138
26.118757 3.068711 0.623348
29.646957 3.709654 0.608970
22.241415 3.796285 0.320644
17.412716 2.171204 0.187444
28.179398 3.761495 0.303333
29.577957 4.367786 0.340633
29.081894 3.760563 0.552278
21.231834 2.544295 0.293911
24.315742 2.689637 0.425996
28.044266 3.461298 0.508924
21.456064 3.099740 0.308140
21.585365 2.347958 0.351520
27.434032 3.976312 0.204797
39.573540 4.778101 0.471813
25.400576 3.193629 0.421479
25.378984 4.426575 0.452645
23.370674 2.711404 0.488399
24.789013 2.567798 0.594699
36.733383 4.124402 0.479489
23.308887 3.115006 0.381394
25.553862 2.978292 0.425812
27.203630 3.371580 0.466816
23.875780 3.163690 0.542344
20.775473 2.709610 0.414927
29.022816 3.257708 0.507764
30.087322 3.420883 0.456805
24.967739 2.485125 0.508963
26.411060 3.119180 0.591090
24.920479 3.557278 0.486458
23.483667 2.655976 0.415647
26.910599 3.086960 0.449619
28.739546 2.396579 0.639764
28.756786 3.253839 0.487194
16.264948 2.052955 0.156094
26.213406 3.382105 0.360721
22.929262 2.936663 0.380537
27.449593 3.302682 0.489784
26.545692 3.463098 0.489234
22.203615 2.876991 0.409024
22.644550 2.460100 0.412996
19.260046 2.247900 0.218043
25.882118 3.132765 0.408900
30.923613 3.831921 0.492454
30.073555 3.672354 0.467567
22.458187 2.718753 0.353798
15.652869 1.672310 0.169402
26.645384 2.994617 0.515428
25.383072 2.985751 0.346675
23.555195 2.845706 0.275793
32.259731 3.596783 0.616462
30.771181 3.596783 0.573611
21.771790 2.271152 0.313000
26.027880 4.149078 0.473243
26.308783 4.049405 0.505072
22.136833 2.860082 0.482636
19.926228 2.716611 0.242701
26.179754 4.495895 0.389306
15.199105 2.082981 0.114600
20.170612 2.898420 0.364109
24.578642 2.561229 0.553731
24.233223 3.089224 0.308542
29.144228 2.934819 0.319150
24.844742 2.981113 0.292885
30.582146 4.648792 0.390576
36.697838 5.091296 0.623955
27.191895 3.853274 0.480052
23.327330 3.392590 0.290048
23.384178 3.330099 0.396057
20.089808 2.246243 0.305230
27.859734 2.717163 0.573452
18.092871 2.876419 0.238477
23.300787 2.551755 0.425888
25.745033 2.780226 0.458373
22.208557 2.663528 0.421936
18.699474 2.490116 0.238416
24.166393 3.392069 0.427424
23.101286 2.760106 0.337691
24.894577 2.991544 0.328187
25.097984 2.749490 0.368619
21.721827 2.795830 0.281020
20.807106 2.688526 0.315029
26.177912 2.732167 0.321941
22.811031 2.796100 0.224978
21.775391 3.071558 0.305039
37.485722 4.267918 0.674512
33.143314 4.267918 0.574366
16.330633 1.869425 0.197671
21.774481 2.337393 0.418715
22.823462 2.989702 0.351237
28.570627 3.643738 0.457017
26.323122 3.992817 0.438425
22.888285 3.197179 0.369068
24.805677 3.584929 0.413479
27.632357 2.798669 0.544112
20.193825 2.975099 0.146717
24.713648 3.040779 0.249958
32.198505 3.618227 0.630409
21.163465 2.809577 0.233841
20.943539 2.292789 0.374584
20.969130 2.751913 0.393319
21.769426 3.072858 0.301450
14.803909 1.452448 0.208835
30.888298 3.873064 0.412853
24.967300 3.211293 0.465851
39.612556 5.768338 0.613485
28.751204 2.963550 0.432528
26.623295 3.425047 0.412276
22.357685 2.720334 0.299617
30.859600 3.681945 0.501453
25.285166 3.481569 0.423763
19.285934 2.378087 0.362165
22.474432 2.452968 0.338965
20.806458 2.325267 0.298898
25.444681 2.614933 0.434197
27.310431 3.110933 0.456042
24.887169 3.025304 0.412363
20.116688 3.039354 0.256916
17.024004 1.995769 0.218408
23.325520 3.522997 0.391201
20.190125 2.799058 0.316656
23.606438 2.647729 0.559066
28.781176 4.110372 0.533330
26.257019 2.717995 0.638790
20.885733 2.431210 0.370706
23.166611 2.336676 0.416159
27.043552 2.980503 0.542996
29.106770 3.856604 0.571044
30.853540 3.238465 0.546356
32.222893 3.243409 0.568037
31.740297 3.627405 0.624682
23.680779 2.665274 0.311121
24.150675 2.981547 0.467085
28.453186 3.151014 0.501922
25.266504 3.156225 0.338143
22.572826 2.618923 0.415565
18.493439 2.607137 0.271797
25.047335 3.045005 0.341321
29.590181 3.687996 0.447840
17.889069 2.646642 0.183172
24.730192 2.869426 0.349774
23.488689 2.989690 0.281172
25.394258 3.319733 0.318102
30.065187 3.674924 0.567591
22.526157 2.453069 0.374573
28.154308 3.362221 0.554522
23.813251 2.940126 0.383695
19.376030 2.526897 0.205889
21.325438 3.032788 0.263685
29.294069 4.050132 0.320101
30.665419 4.166636 0.369334
30.207539 3.473426 0.433448
24.881268 2.787220 0.319557
25.353859 2.889133 0.359151
29.467012 3.654768 0.382373
26.492674 2.948262 0.500860
20.317919 2.623520 0.322052
20.397163 2.232854 0.295652
16.993355 1.924208 0.212871
20.107605 2.660933 0.310135
19.541594 2.308016 0.309799
19.346722 2.391909 0.302606
21.028690 2.961321 0.356133
23.416044 2.977380 0.417841
25.513905 2.649457 0.425368
25.486944 3.054813 0.378109
30.095421 3.362850 0.456133
31.614878 3.955531 0.566617
27.346457 3.989390 0.284729
37.545143 4.293954 0.598320
30.156990 3.718937 0.555782
29.187342 3.299491 0.374155
21.327324 2.696595 0.390689
21.168884 2.546416 0.364868
20.888262 2.622625 0.383711
26.842646 3.293796 0.425066
18.979847 2.161170 0.334608
28.124823 2.888514 0.389538
30.493908 4.068789 0.501549
26.512825 3.524693 0.377114
17.252567 1.827977 0.302094
24.002031 3.405167 0.410079
24.777199 3.429651 0.361672
28.922651 3.176029 0.405999
29.945316 3.909804 0.462917
23.690409 2.939882 0.404679
27.000219 2.875383 0.471256
27.940340 3.541811 0.455900
31.120224 3.467512 0.440003
28.546692 3.523812 0.396688
31.091469 3.486434 0.658860
23.242859 3.259886 0.409235
16.520119 2.280646 0.246948
15.860593 1.995676 0.314625
20.626776 2.389765 0.228742
30.132277 4.423367 0.567709
22.850803 2.956220 0.255041
37.747807 5.472397 0.456446
24.591511 2.777921 0.573337
21.867201 2.601551 0.384899
20.910835 2.997780 0.244332
19.161663 2.515535 0.207926
21.498024 2.711127 0.426018
15.952542 2.290025 0.193425
21.968225 2.453842 0.374628
20.625860 2.571043 0.355580
19.983099 2.159018 0.406571
23.701197 2.479077 0.382848
25.409302 2.562905 0.634091
27.795050 3.225016 0.505271
24.681801 3.225016 0.487197
23.300369 2.381951 0.403344
23.291410 2.499800 0.423754
29.886898 3.118179 0.441489
20.587297 2.818484 0.216653
27.800615 3.537575 0.466166
29.108852 3.535782 0.576473
23.905380 3.066864 0.419172
18.233877 2.097201 0.361169
21.914053 2.370008 0.282398
28.028994 3.241857 0.510399
26.608240 3.680345 0.478959
22.452316 2.450812 0.462276
17.719854 2.061765 0.300817
18.266329 2.707861 0.205741
26.012695 3.939235 0.394925
27.602703 4.117384 0.610352
20.034542 2.181462 0.545215
21.224895 3.662788 0.519500
22.963825 2.461247 0.512542
20.993731 2.254466 0.363135
31.149443 4.094022 0.722688
24.150421 3.000906 0.585663
21.942024 2.848000 0.451436
23.516047 2.570520 0.430368
22.514133 2.681121 0.402911
23.445961 2.601259 0.416050
19.691648 2.811078 0.289604
16.123808 2.229191 0.209663
13.514495 1.663068 0.174146
12.638600 1.827209 0.144046
21.405905 2.732344 0.310304
23.441109 2.610935 0.346292
29.509836 3.784784 0.598861
23.149281 2.740565 0.446779
25.369360 3.051219 0.471907
21.806908 3.051219 0.261568
18.941927 2.531390 0.208358
15.832471 1.781709 0.210747
20.086348 3.146600 0.331412
19.505039 2.538504 0.336580
18.488512 2.736782 0.367830
21.346277 2.707099 0.461687
18.260059 1.927053 0.293056
23.510517 2.853131 0.316077
27.774004 4.553741 0.434752
23.635277 2.830300 0.312216
25.300238 2.593143 0.552278
28.141815 3.116108 0.663200
21.801056 2.764958 0.421892
24.869183 3.363641 0.325384
23.520250 3.206517 0.469446
18.177740 1.919552 0.315679
26.322945 3.268896 0.419801
25.299707 3.124263 0.371214
27.031002 2.993435 0.513177
31.649940 4.187373 0.470583
18.252533 2.366797 0.255171
19.089998 2.131898 0.250654
23.894714 3.442770 0.268020
23.603487 3.754485 0.253960
27.025444 3.895165 0.352279
21.567701 2.719013 0.299256
27.966709 3.591261 0.380373
24.010128 2.776046 0.279746
27.170353 4.279727 0.312043
27.205322 3.505116 0.409438
28.072588 3.422727 0.461021
27.327183 2.983661 0.516566
29.999031 3.284518 0.540222
24.869812 3.418021 0.311243
25.893442 3.091798 0.567401
20.382952 2.224444 0.303721
29.298841 3.807127 0.460007
25.612240 2.887766 0.387099
21.384754 2.918028 0.307993
23.139648 3.997498 0.285417
33.818481 5.170313 0.786653
28.148373 3.733732 0.712214
27.360167 3.851031 0.445600
19.090370 2.821917 0.209671
22.034101 2.654558 0.329782
23.715248 2.594016 0.359768
29.455462 2.960798 0.523036
29.415316 3.135244 0.528170
25.541925 2.602786 0.394556
26.016775 2.825790 0.398696
25.239992 2.934668 0.359545
24.016397 3.141511 0.352669
19.469854 2.510622 0.279551
26.680784 3.771256 0.330641
32.365650 3.770347 0.413474
26.131012 3.285926 0.326930
26.192604 4.476443 0.356085
27.319826 3.641170 0.314851
29.266407 3.752313 0.432653
24.061094 3.167684 0.399714
27.719330 3.167684 0.592497
21.497915 2.584560 0.432831
15.882674 1.675081 0.234005
22.491480 2.487484 0.483621
25.820326 3.801587 0.495802
24.135670 2.564118 0.381393
21.554890 3.820064 0.330563
20.993645 2.602288 0.285074
19.951241 2.758480 0.224633
20.573374 2.836242 0.235946
28.395184 3.247458 0.459691
25.596273 3.406023 0.412716
22.879086 3.863225 0.214711
27.054657 3.544652 0.324161
26.263697 3.565536 0.386418
29.019297 4.309034 0.530013
22.353891 3.453910 0.524661
22.496248 3.697659 0.413459
27.745268 3.503440 0.400988
25.157419 3.506714 0.311414
30.165964 3.462792 0.436384
18.202847 2.490192 0.140109
21.996807 2.510151 0.318462
24.363770 2.652083 0.416233
23.214163 3.029003 0.308212
14.081375 1.745874 0.097107
31.559183 3.637859 0.567941
23.059917 2.959700 0.455726
21.305752 3.239365 0.292639
21.559793 2.353479 0.263175
18.531130 2.302654 0.225526
20.338903 4.120389 0.296653
22.236940 2.801591 0.356922
21.456398 2.458241 0.315789
22.980076 2.492851 0.292710
17.570711 1.896568 0.143799
24.508862 2.925791 0.299428
19.387844 2.079779 0.234837
22.293032 2.421442 0.286950
21.163769 2.664876 0.283758
19.012215 2.572365 0.439202
22.337418 2.682301 0.470319
24.198317 2.203462 0.499315
22.341043 2.245832 0.444839
24.048063 2.480745 0.460396
22.249231 3.285617 0.332366
22.685329 2.654553 0.351473
20.195097 2.616793 0.237404
23.397774 2.814506 0.341518
23.670122 3.101247 0.476832
23.576275 2.980063 0.478486
20.009628 2.526735 0.380937
22.476435 2.565601 0.340319
23.216824 3.410749 0.358763
23.456623 3.918056 0.334007
32.549480 4.017520 0.535135
33.033424 3.760251 0.623700
24.246908 2.592992 0.326321
18.756445 2.825431 0.178142
26.561609 3.271610 0.466633
20.599268 2.627574 0.385981
19.033283 2.134968 0.292950
20.780561 2.687490 0.266355
19.506655 2.772164 0.224293
25.935812 2.767443 0.452589
26.877274 3.127086 0.439060
24.423258 2.887957 0.316195
26.393053 3.046774 0.460138
20.317179 2.856391 0.318147
22.551630 2.303821 0.384206
26.170835 4.117024 0.437197
19.759686 2.834702 0.224443
25.212839 3.146092 0.548062
24.994911 3.156410 0.475119
21.716377 2.510769 0.331718
25.687243 3.834356 0.390602
37.629112 4.092449 0.703691
29.105303 3.526622 0.521832
26.618641 3.293979 0.584265
33.022213 3.087306 0.620514
26.571630 3.024360 0.366774
24.144999 3.190477 0.388468
23.083769 2.787599 0.474258
19.760111 2.331445 0.434365
25.637142 3.140548 0.320917
34.795490 4.375685 0.498708
22.942305 2.799306 0.517882
22.939489 3.267039 0.459587
34.328835 4.078255 0.696021
28.295580 4.078255 0.432630
27.273933 2.700804 0.450964
18.951496 2.477535 0.252106
20.781517 2.365539 0.288386
21.699078 2.344898 0.403472
21.611406 3.130928 0.298238
18.936186 2.086634 0.248264
22.070093 3.048735 0.528082
24.692099 2.778658 0.570676
18.329739 2.351348 0.347535
22.784645 2.608845 0.466900
21.993549 2.340307 0.325045
22.294333 2.440644 0.236008
29.573589 3.552287 0.341234
23.213133 2.851519 0.221321
22.546492 2.760047 0.387599
20.691782 2.969401 0.428484
22.352264 2.663210 0.231394
30.102221 3.864972 0.491843
36.457809 4.216121 0.643527
26.191471 3.585044 0.447448
19.916143 2.364055 0.271013
16.060736 1.589706 0.202149
29.987823 4.296840 0.415307
18.779268 2.329126 0.259119
22.295408 2.306473 0.267007
25.289061 2.885373 0.321548
21.227648 2.377509 0.434070
22.136126 2.572832 0.428305
21.616001 2.315616 0.345853
20.035465 2.266329 0.224683
20.884315 3.061046 0.209278
24.812794 3.272346 0.479871
24.356316 2.959608 0.466837
24.119740 2.860284 0.443907
23.565454 2.602702 0.434052
22.219049 2.448023 0.434752
20.606989 2.431293 0.375365
23.271254 3.337190 0.374092
24.310335 3.256308 0.397386
23.897102 2.587836 0.398840
24.084980 2.525958 0.381658
18.460876 2.072659 0.214059
24.177853 3.697853 0.303134
28.311235 3.450150 0.398538
29.157778 2.837438 0.482790
24.924133 2.673022 0.429086
23.790646 2.992699 0.435242
23.548231 3.014080 0.324729
19.565603 3.341189 0.303975
20.415432 2.462359 0.352170
32.992260 5.367737 0.450285
22.938099 2.963619 0.211144
17.482521 2.091005 0.188905
23.394661 2.772432 0.420282
27.132099 3.484119 0.290356
18.726250 2.174720 0.210079
32.040928 3.744189 0.596201
29.026720 3.316440 0.609090
24.694084 2.653187 0.283032
22.945923 2.574204 0.489181
23.950525 2.574204 0.557761
25.533875 2.826853 0.603525
20.515459 2.522874 0.383849
16.456478 1.866758 0.207577
26.417717 3.569919 0.535955
20.183079 2.956352 0.377791
26.086189 3.707564 0.380798
26.001190 3.976170 0.369938
26.819427 3.994578 0.407501
24.782026 3.229306 0.439506
34.702454 3.394403 0.773361
16.072844 2.273562 0.262260
19.204588 2.249164 0.250548
26.171822 3.863602 0.416289
24.757950 3.221770 0.473128
19.459345 2.290936 0.312633
29.174667 3.607272 0.558647
26.583788 3.035819 0.407217
21.732914 2.824942 0.302008
19.275394 2.302260 0.239630
22.803242 3.077023 0.338163
21.968426 2.592016 0.376617
24.745850 3.093750 0.424880
22.782949 2.344198 0.302819
27.846422 3.714346 0.344649
34.819771 4.265684 0.532254
32.073826 4.216260 0.610818
26.484388 4.050950 0.403950
25.510345 3.316177 0.357942
14.849704 1.740979 0.286738
19.392893 1.978567 0.307189
17.188053 2.192560 0.240861
23.884539 3.503425 0.467474
26.021288 3.403186 0.437093
22.843859 3.014575 0.330698
24.337292 2.863087 0.493742
26.098686 3.160669 0.516338
28.404482 3.160669 0.526398
23.351431 2.510488 0.353229
24.158718 3.107044 0.282145
23.139519 2.648817 0.365491
35.377659 4.439850 0.505070
17.716078 2.519516 0.108550
19.865469 2.449177 0.332164
20.545092 2.492560 0.410551
29.526501 2.931213 0.543429
25.066721 2.561441 0.448020
15.435717 3.019677 0.144923
18.829824 2.375463 0.165119
27.651039 3.315717 0.394065
24.124355 3.010623 0.378527
24.296535 2.983738 0.397415
28.154665 3.506190 0.447792
30.759497 3.778640 0.538842
25.956238 3.461244 0.567590
22.068449 3.037662 0.445935
24.837942 3.066084 0.598207
29.047468 4.121619 0.534202
24.412205 3.201517 0.284732
33.365795 4.070680 0.635974
31.566431 3.926989 0.681363
26.327063 3.115268 0.490952
30.974411 3.811584 0.547944
28.422297 3.811584 0.467543
28.154755 2.998546 0.618764
25.085468 3.494995 0.401838
20.575148 2.508511 0.333459
23.129091 3.612461 0.187086
27.847383 3.198173 0.297422
20.038851 2.332040 0.249548
16.361542 2.792191 0.158865
27.514399 3.887955 0.459251
25.561981 2.620186 0.466369
25.397858 3.388638 0.433240
26.772743 4.170286 0.426656
27.026974 4.170286 0.405019
25.673292 2.919264 0.358612
25.488539 3.103542 0.336864
27.274218 3.118300 0.537794
23.642372 2.583826 0.467517
26.092409 3.024048 0.390594
29.268608 3.940659 0.472212
22.508835 2.609524 0.423602
27.589325 3.059172 0.544118
16.287773 1.946567 0.176608
22.179380 2.510587 0.346235
25.017673 3.342392 0.322402
28.462252 3.477136 0.377534
26.414598 2.751292 0.556086
18.117025 1.942156 0.251222
28.904133 3.793375 0.485862
22.904192 2.680793 0.302546
25.138868 2.956178 0.418189
25.508501 3.702379 0.485687
28.190092 3.882785 0.367382
23.236002 3.153213 0.326668
25.022783 3.812490 0.377589
31.787508 3.864499 0.478491
30.126003 3.403607 0.463831
30.297152 3.179340 0.454837
26.167120 3.274594 0.451924
24.956545 3.211251 0.452369
20.551466 2.951234 0.354706
26.634880 3.785312 0.404697
19.634346 3.207584 0.256437
27.463774 2.757848 0.606248
24.392494 2.922378 0.354926
29.075581 3.561750 0.459053
28.935555 3.364612 0.548953
24.465677 3.266316 0.342795
25.976425 3.443968 0.327123
23.548370 2.855924 0.469814
25.737452 3.203185 0.395274
21.153780 2.948039 0.248776
24.505415 2.798593 0.403487
19.327347 2.153534 0.292610
15.720815 1.693290 0.315925
21.953817 2.736061 0.258534
19.483032 2.317952 0.250188
24.642841 2.964474 0.415532
24.749935 4.294759 0.336031
23.423262 2.987673 0.267383
27.906532 3.327794 0.442300
23.785200 2.455693 0.397759
28.576387 3.630750 0.444839
31.890951 4.152790 0.413310
25.620403 3.163717 0.268874
27.273073 3.046954 0.427436
29.608757 3.805300 0.417616
28.874519 4.459448 0.396255
25.416210 3.335539 0.425446
22.162094 2.964214 0.538526
25.276888 2.831807 0.650375
27.703594 2.894281 0.617354
19.649012 2.559407 0.338376
21.398331 2.063117 0.398901
28.748312 3.521886 0.387609
32.859715 3.880362 0.481880
27.699347 3.616149 0.510428
29.681877 2.988403 0.658973
25.308229 2.768684 0.466135
23.058313 3.109232 0.350488
20.506361 3.188632 0.238153
27.767149 3.228961 0.639745
28.230730 3.316271 0.644576
23.509520 2.814950 0.422839
22.838264 2.574372 0.314852
24.105299 3.166412 0.372182
20.890797 2.599058 0.371303
15.541574 1.660591 0.221935
20.272774 2.663439 0.343444
22.929050 2.774695 0.369286
25.222363 3.180716 0.372833
29.563927 3.550173 0.514188
26.087957 2.823027 0.539738
21.721527 2.675631 0.455989
18.490316 2.639702 0.285949
19.271122 2.645720 0.226340
23.545584 2.583756 0.391487
19.065651 2.533407 0.279452
27.400576 3.160176 0.447920
28.590275 3.814545 0.310525
30.443598 3.493353 0.507096
27.528435 3.192835 0.389178
21.995293 2.663611 0.254084
26.899794 3.655800 0.399318
27.231140 3.472614 0.327838
26.951897 3.154679 0.376100
22.875244 2.558738 0.245553
27.780756 3.846757 0.491324
30.637697 3.429096 0.582558
19.879917 2.608647 0.321338
25.471613 2.373312 0.584776
23.085909 2.705698 0.339589
26.552210 3.097461 0.343262
26.265682 2.844764 0.391991
13.412969 1.512853 0.169084
26.625301 2.787503 0.485361
20.069862 2.966346 0.353651
22.009260 3.006388 0.327716
22.200951 2.903507 0.346234
23.009670 2.512002 0.460309
22.790113 2.493804 0.508167
23.792889 2.815441 0.522797
24.892385 2.650642 0.535762
28.842840 3.801129 0.482489
24.796436 2.855384 0.420000
27.066437 2.588420 0.462197
23.917049 2.400448 0.355030
32.475914 3.320850 0.577576
30.149595 3.018989 0.481440
20.702639 2.522550 0.402385
30.099884 3.864213 0.511369
26.555073 2.678714 0.607089
36.043480 4.332718 0.758856
21.601446 2.326610 0.272343
22.329056 2.595868 0.337545
30.601007 3.941892 0.757685
26.530874 3.224896 0.498832
26.769100 2.944909 0.481275
22.623575 2.845121 0.304410
19.225851 2.837289 0.273921
22.203482 3.257980 0.393460
20.695580 2.708857 0.316866
21.643332 2.386062 0.289395
25.748014 2.981533 0.380215
29.070992 3.358514 0.523962
22.365759 3.769615 0.361322
22.710949 4.533455 0.402581
18.126394 1.941808 0.341478
23.872177 2.796098 0.524759
24.062326 2.671689 0.462888
21.796066 2.470326 0.423107
26.134369 3.539288 0.542308
28.330414 3.713657 0.442917
27.219233 3.236156 0.395818
16.316675 2.240148 0.205216
29.218657 3.558696 0.386657
30.074793 4.588744 0.626346
24.721491 3.220053 0.390842
24.662685 3.022248 0.468571
24.146807 3.137141 0.280817
22.188314 3.287697 0.302387
16.938293 2.131552 0.167980
17.200340 2.024800 0.278767
24.188456 3.691774 0.273212
26.464363 3.791366 0.360685
27.662245 3.670319 0.367610
25.042477 3.749595 0.377990
25.712246 3.955398 0.447881
24.313190 3.269940 0.397400
25.973751 3.026817 0.464213
25.019993 3.142998 0.370367
25.580870 3.284750 0.327237
29.602591 3.240128 0.448000
24.161900 3.517987 0.276071
21.697531 2.917685 0.332903
23.931036 3.136038 0.427230
20.823092 2.339370 0.436513
26.643301 3.167730 0.552696
19.723452 2.804087 0.236840
31.742081 3.877785 0.623811
32.373760 3.825842 0.572059
32.771721 3.357224 0.439230
28.846821 3.910012 0.412074
19.600115 2.586745 0.308437
23.488058 2.670884 0.387019
25.642984 2.872653 0.514924
27.225170 3.314579 0.559786
22.252048 3.314579 0.366102
17.622265 2.983033 0.252699
22.232038 3.293841 0.361964
25.417011 3.158332 0.539989
20.457636 2.654052 0.342369
24.809767 3.007225 0.379303
24.278410 2.341395 0.323354
30.888994 3.608437 0.559682
31.935078 4.056750 0.622673
23.559998 2.999427 0.326587
27.876816 3.065130 0.551417
23.999395 2.865217 0.422998
22.469481 2.919929 0.312758
24.861092 2.765414 0.346999
20.943834 2.486441 0.245635
22.462894 2.792747 0.362054
24.893877 2.955958 0.422208
24.188299 2.471829 0.479794
20.789110 2.420213 0.199037
17.256517 2.060678 0.146730
25.487497 3.551935 0.359642
28.125719 3.551935 0.501178
19.841619 2.155020 0.329040
14.940042 1.748746 0.233870
18.553165 2.273347 0.264003
24.454996 3.048811 0.429208
25.892145 3.145192 0.582010
21.830137 2.634702 0.486796
13.022101 1.352107 0.147365
19.418890 2.165604 0.322544
21.189339 2.952166 0.420229
20.175016 2.841651 0.318318
16.480331 2.379652 0.204504
16.257706 2.027419 0.161898
16.952385 2.183980 0.174181
18.026331 2.309190 0.239542
19.172173 2.478244 0.167440
22.914410 2.992046 0.274092
25.000540 2.777750 0.483507
20.047144 2.558144 0.246985
9.131457 1.196863 0.046441
20.577282 3.157089 0.278011
27.236599 3.214696 0.555519
23.596588 3.131006 0.454540
22.161272 2.754169 0.366432
34.979820 3.281593 0.609222
32.459179 4.235114 0.386449
28.537689 3.959154 0.572070
29.205046 3.213398 0.496583
27.093248 3.248505 0.478644
35.944279 4.194136 0.597800
30.586359 3.298598 0.505510
30.151466 3.900790 0.429076
23.366955 2.442628 0.458938
27.263971 3.349680 0.460569
24.782333 2.881719 0.544404
30.364149 3.642160 0.634818
19.513411 2.811497 0.335065
29.171103 2.982450 0.595705
24.143005 2.544937 0.465469
37.673447 3.838099 0.730363
28.298569 3.031567 0.550578
21.354788 2.360110 0.468375
26.331362 2.718579 0.621382
27.016760 3.652532 0.365780
23.212603 2.706208 0.359090
27.930546 3.711945 0.564656
17.874151 2.269585 0.350972
31.777906 3.809797 0.587101
31.680767 3.224222 0.702995
29.145992 3.545109 0.533360
28.536879 3.683451 0.446042
35.102520 3.988303 0.570373
29.709476 3.199222 0.414663
22.339794 3.166234 0.354895
23.291742 2.466732 0.349553
31.276712 3.985369 0.587524
25.515896 3.003214 0.562955
35.664955 5.681356 0.628390
17.583447 2.346575 0.381884
29.628397 3.269618 0.705968
27.966539 3.541635 0.565027
32.590740 3.284344 0.518109
32.907185 4.309205 0.549761
36.315556 4.302567 0.616246
24.156942 3.123989 0.571355
27.803127 2.758805 0.548599
29.806602 3.396992 0.533087
30.353374 3.815284 0.470552
35.683624 4.410042 0.574626
33.403412 3.718654 0.694711
31.026628 3.783306 0.560430
28.568344 4.622363 0.469282
29.589750 3.843897 0.572830
31.666386 4.107626 0.634686
23.943239 2.402083 0.538907
28.937281 3.763708 0.363860
23.478119 2.569000 0.307059
30.457945 3.928942 0.652749
20.693567 2.267699 0.388146
26.530010 4.278958 0.546268
29.268400 3.151528 0.547730
32.158527 4.740150 0.567036
22.957844 3.092251 0.366713
29.688894 3.837616 0.526984
30.202353 3.337097 0.678906
25.176174 3.072958 0.409036
23.590830 2.761986 0.519669
18.876865 2.350315 0.344697
27.805910 3.927989 0.493101
32.889137 4.402904 0.637216
26.356401 2.859591 0.600824
27.146778 3.632100 0.421400
32.492519 3.542924 0.698528
25.788784 2.667026 0.542600
23.249544 2.422834 0.397072
39.359543 4.190065 0.696943
20.111048 2.148196 0.409174
30.759203 3.597928 0.629130
30.578167 3.605078 0.620231
20.080528 2.129810 0.409145
19.756910 2.143726 0.462224
27.868416 2.836226 0.514288
29.186769 4.289635 0.415964
28.751244 3.499252 0.479571
32.159084 3.886520 0.630994
32.938595 3.721386 0.694851
26.432775 3.640843 0.588561
27.614349 3.554644 0.579133
30.048294 3.970095 0.585015
20.690327 2.695744 0.334966
26.694988 3.362523 0.573612
31.093575 3.469558 0.624417
30.659769 3.218732 0.816745
21.401144 2.404244 0.350297
25.653454 3.322491 0.614482
29.795042 3.635919 0.566028
21.655827 2.444289 0.424826
25.045912 2.936026 0.360971
22.741936 3.143828 0.387784
26.368034 2.839950 0.518547
29.426243 3.670109 0.625419
29.580275 3.064181 0.513604
30.552826 3.782146 0.593014
23.100216 2.413133 0.454192
20.049129 2.925902 0.228547
20.028490 3.126565 0.519417
28.402662 3.893194 0.609921
23.776648 2.601619 0.617940
33.845604 4.435993 0.490039
27.897764 2.740224 0.512590
26.354847 3.077075 0.488524
36.941925 3.478940 0.736882
23.716106 2.339601 0.530007
28.174725 3.034281 0.575898
26.388969 3.790365 0.550066
26.593815 3.460487 0.589611
25.188110 3.176826 0.482442
23.596609 2.796530 0.378801
28.726051 3.042731 0.526281
24.467720 2.853739 0.412230
23.930714 2.920930 0.529650
28.187193 3.443536 0.528807
35.967072 4.508229 0.571583
22.339258 2.591641 0.402086
25.111832 2.643797 0.338912
32.569790 4.653731 0.629571
24.777365 3.136475 0.599804
26.251451 3.060908 0.391930
34.091225 4.302637 0.516676
23.516853 3.209808 0.356224
22.252348 2.523094 0.550562
29.375877 3.992195 0.629843
21.983158 3.000649 0.333968
24.912571 3.226500 0.378058
27.641493 3.307740 0.427813
24.926472 2.885302 0.466929
17.563826 1.970676 0.315036
24.840916 3.161671 0.607461
31.214905 3.702920 0.688133
26.924961 3.478719 0.521243
21.950138 2.598871 0.429350
28.974882 3.362245 0.529334
20.912500 2.881329 0.279928
27.463354 2.674129 0.543242
22.805220 2.383961 0.567381
26.324036 3.802814 0.607599
23.605936 3.092112 0.444695
26.457232 3.406911 0.485232
21.526114 2.443002 0.221791
16.002903 1.885728 0.218991
28.838541 3.053774 0.607976
32.282898 4.342745 0.559217
24.997168 3.242524 0.438346
20.368135 2.490648 0.320064
23.174446 2.793068 0.398293
27.348967 3.448644 0.550253
26.049477 2.839284 0.465470
31.949242 3.622931 0.648286
27.341940 3.383687 0.564742
30.451851 3.132560 0.461124
30.574226 4.297214 0.530527
34.126595 5.507286 0.524464
31.019999 3.172507 0.604535
29.655052 3.474295 0.660621
21.812576 2.962002 0.379641
16.405268 2.031553 0.306095
31.051353 3.549096 0.595165
35.994350 3.785078 0.708024
21.270285 3.140552 0.323442
22.577227 2.749614 0.301075
29.875673 4.442510 0.565193
22.191969 3.156360 0.335063
21.802563 2.553378 0.373377
27.793825 3.556203 0.528140
25.590097 3.056636 0.544129
32.443035 4.550888 0.456968
26.730762 3.277476 0.554164
27.989103 4.161754 0.431771
21.460718 2.940401 0.245983
23.627907 2.874004 0.283750
24.341991 3.553400 0.356143
30.884644 3.383091 0.465744
30.795523 3.548506 0.572774
21.340702 2.824283 0.338761
25.234085 2.566892 0.416273
32.939922 3.447585 0.464718
27.619770 3.231282 0.373276
25.697176 3.223999 0.541154
36.395653 3.869596 0.635224
33.847939 3.341866 0.569681
22.687086 2.911599 0.339557
23.427969 2.951123 0.508365
31.152733 5.618938 0.520927
28.870653 4.561992 0.550470
30.377680 3.254636 0.511831
20.638632 2.373379 0.352529
30.746769 3.818620 0.476006
28.128874 3.674435 0.558053
20.608093 2.276830 0.384935
24.486269 3.568186 0.354195
31.942217 3.350405 0.669938
35.127529 4.083182 0.686888
32.461357 3.912762 0.667019
26.988722 3.336032 0.624659
20.494360 2.803322 0.199246
27.746269 3.414002 0.583632
20.883772 2.587831 0.460531
31.777386 4.111125 0.578951
43.345604 4.553487 0.734529
28.155476 3.249259 0.494785
30.600922 4.688413 0.606900
33.575592 3.830674 0.415051
23.292675 3.041018 0.406265
30.853928 4.018342 0.571785
24.603289 3.271174 0.470319
34.808136 4.077143 0.710866
32.485165 4.738339 0.742115
28.384729 3.636405 0.518040
33.047310 4.173039 0.590585
25.692566 3.444282 0.466847
28.267769 3.267318 0.666430
28.604391 3.957729 0.490370
21.693893 2.544259 0.353559
30.091995 2.934778 0.680605
25.687643 2.637001 0.435072
21.907558 3.030182 0.373474
28.737217 3.756365 0.612855
32.451889 4.028624 0.639996
35.981529 3.709077 0.672629
34.376823 4.533608 0.632104
28.255501 3.455506 0.473314
31.234251 4.044071 0.603795
27.585554 3.021626 0.434068
21.766117 2.735738 0.458693
26.876949 4.130633 0.556828
21.987186 2.328856 0.418041
26.054586 2.925772 0.547005
22.158262 2.427186 0.363061
34.747692 3.193442 0.728190
23.703512 2.549936 0.371821
30.098743 3.621907 0.606282
28.869581 3.674525 0.683954
21.827080 3.142779 0.298052
33.488949 3.747217 0.633992
27.475197 2.849197 0.598882
28.715111 3.970314 0.598109
35.589916 3.520693 0.740832
24.095490 3.022472 0.389365
21.134577 2.155571 0.448935
30.658010 4.406447 0.654709
22.806501 2.824187 0.399575
30.270702 4.814635 0.550351
29.296249 3.257516 0.589100
27.927008 2.964252 0.565272
31.759357 4.416732 0.590217
31.071575 3.651909 0.516017
24.168953 2.918822 0.325846
29.104065 3.399971 0.515435
39.884010 3.989418 0.616898
29.152437 4.678293 0.489547
34.780479 4.500571 0.486520
30.160814 4.005511 0.552286
32.028217 5.588547 0.369036
34.516705 4.126941 0.645477
26.700619 3.042483 0.568077
24.326628 3.110785 0.360794
27.189386 3.136796 0.539839
22.978054 2.775665 0.360508
27.171387 3.287369 0.416361
22.912172 3.027155 0.335370
25.693918 3.225180 0.405244
20.618248 2.625876 0.264828
27.325481 3.090180 0.490929
20.148632 3.251182 0.315191
32.511681 3.264027 0.639005
27.161295 2.788416 0.736329
23.247396 3.116670 0.369654
29.430487 4.088911 0.647621
26.951504 3.876876 0.481330
27.443970 3.324667 0.568933
27.519867 2.928905 0.501886
29.538187 3.454899 0.605602
27.062073 2.906816 0.492460
25.839869 3.353447 0.479592
36.909794 4.419865 0.669901
19.896049 2.547970 0.381243
44.098598 6.495312 0.577695
23.599133 2.943348 0.267875
28.904236 3.758173 0.578247
20.570986 2.443295 0.293632
30.023663 3.604671 0.588688
22.545067 3.023935 0.373768
22.787464 2.940979 0.253548
26.044525 3.327399 0.424383
27.379082 2.928192 0.504851
25.962877 2.865345 0.534643
27.202219 3.150722 0.417433
25.823389 3.389780 0.397744
24.191261 2.950142 0.417533
22.558170 3.169808 0.429558
31.621939 4.124383 0.656433
31.206062 3.006964 0.661819
27.904284 3.173504 0.450681
31.386467 3.528880 0.657433
23.984865 2.963383 0.410391
28.799826 3.552644 0.565269
26.471115 2.962368 0.517645
26.003016 3.170128 0.455824
27.412844 3.432357 0.448168
22.704365 2.814687 0.472002
32.433323 3.872467 0.549486
25.646793 2.820777 0.553758
24.642237 2.391464 0.479948
34.685486 5.185396 0.666868
23.226780 3.040247 0.366324
25.733789 3.136451 0.434404
28.727844 4.702146 0.518888
28.843658 3.081856 0.665068
28.306265 3.854109 0.578602
29.650164 3.242509 0.683947
31.858578 3.430177 0.639339
30.694510 3.909616 0.506860
30.934010 4.241085 0.480731
24.462116 2.654252 0.560703
27.059414 3.002402 0.462000
26.669106 3.231371 0.451170
26.754930 3.150392 0.483069
37.551212 4.756844 0.573660
25.070395 2.423792 0.572140
17.340214 2.305217 0.135962
26.559614 3.436425 0.369688
29.609159 3.028086 0.542736
27.074268 3.640899 0.510350
19.232090 2.786756 0.233852
26.439478 3.597308 0.475044
32.286987 3.821022 0.649439
29.767103 4.077143 0.562853
27.825794 3.404620 0.431748
35.295998 3.601071 0.782093
27.939575 3.474645 0.471920
22.247715 2.709051 0.455922
29.681520 3.931546 0.493458
38.147808 4.667502 0.694757
33.787327 3.854783 0.604815
25.589304 3.424282 0.470120
32.454998 4.591476 0.423913
26.443199 3.297972 0.571394
25.549105 3.272690 0.451770
27.405155 3.039689 0.493102
21.009653 3.240034 0.264099
26.551403 3.043635 0.410067
28.738922 2.950104 0.682969
29.509155 3.324706 0.501129
27.355242 2.697213 0.517344
25.714458 3.005134 0.441717
20.171368 2.430571 0.327382
25.904182 3.380145 0.472660
25.678469 3.248709 0.666086
23.516684 3.668354 0.368936
23.541248 3.088735 0.480027
30.800505 4.491128 0.690787
33.270050 3.765742 0.740207
26.037949 3.010585 0.593766
26.348492 2.760301 0.564406
29.165668 3.302708 0.626718
28.990047 4.043817 0.605949
28.629850 3.090913 0.650021
30.502314 3.405437 0.663687
22.396799 2.740048 0.374383
30.971758 4.236378 0.372657
45.424004 6.998353 0.655266
26.122458 2.973054 0.486092
32.413704 4.175774 0.396170
24.820391 2.679294 0.508111
28.156193 3.853696 0.408122
26.037714 3.070412 0.496222
33.039158 3.666763 0.427016
20.081181 2.350531 0.258681
25.566158 3.278437 0.377077
18.725515 2.239736 0.435637
31.821394 4.269170 0.500518
37.222385 3.499948 0.751208
32.212906 4.348860 0.485828
27.184742 3.810493 0.427015
27.499220 3.540282 0.629147
22.962132 4.870993 0.441527
24.841105 3.936943 0.507472
15.117292 1.764638 0.177423
26.212294 3.270105 0.558415
26.298744 3.507030 0.535668
26.763861 3.243506 0.447322
21.196360 2.508547 0.424084
23.591805 2.515584 0.406276
24.544819 2.845062 0.412744
25.688082 3.860194 0.594471
33.673988 3.687803 0.694245
32.986553 3.983287 0.793175
25.748234 2.751542 0.521876
31.142948 3.036329 0.655256
29.241936 2.877421 0.492029
31.697456 3.442014 0.744141
20.612429 2.350799 0.473014
31.181335 3.584888 0.557785
30.252905 3.712040 0.578440
26.617588 3.016502 0.525802
22.656372 3.062602 0.327229
30.562458 3.863118 0.612071
22.243053 2.447936 0.479265
24.178335 2.338891 0.572761
32.693562 3.557655 0.707285
36.443779 4.089046 0.657257
29.770283 4.234344 0.619398
35.384037 5.360735 0.649013
27.819777 3.675318 0.531692
23.471281 3.186329 0.511218
30.683678 3.957071 0.665269
25.713606 2.254414 0.505710
34.275505 4.513319 0.698772
33.880478 3.942265 0.670015
23.234291 3.086964 0.442207
22.793135 2.769781 0.463132
29.129957 3.883032 0.677266
29.828529 4.493956 0.375772
19.323868 2.218158 0.320980
32.257130 4.349976 0.523286
25.914467 3.027558 0.497207
30.620375 3.495891 0.695005
27.551958 4.230364 0.693987
30.786743 3.389780 0.592633
29.095896 4.098935 0.488540
16.952406 2.137043 0.266391
24.862703 2.541697 0.500716
24.899075 2.672875 0.540723
28.381382 3.562476 0.548756
31.923943 3.838877 0.579083
23.937513 3.594621 0.402499
31.148397 4.018655 0.429690
26.900074 4.143463 0.453700
34.053532 5.185396 0.604557
27.271973 3.313984 0.480516
31.610222 4.107464 0.648325
27.617413 3.188699 0.479426
45.551556 5.623030 0.671810
28.049265 4.340714 0.426490
22.374071 3.111775 0.397835
24.064333 2.861428 0.507721
35.513908 4.440055 0.727349
23.798958 3.150873 0.425459
24.841824 2.732975 0.487530
25.987782 2.922231 0.551647
24.984324 3.069396 0.410152
17.526024 2.253371 0.220974
30.082819 4.377909 0.448691
26.138105 2.874714 0.363488
35.552937 4.241570 0.588188
27.921801 3.176354 0.528503
28.730072 3.583482 0.557153
32.488796 3.640727 0.628232
28.051300 3.156358 0.559532
27.345556 3.319898 0.472569
24.411003 2.237864 0.580591
22.306406 3.011536 0.311269
33.854267 4.187133 0.554734
23.563107 3.213272 0.370303
23.510351 2.951134 0.354623
30.177422 3.322565 0.691526
21.919390 2.893885 0.499735
31.401098 3.969404 0.640826
22.233267 2.811658 0.344053
26.802206 2.657605 0.607133
30.487951 3.645885 0.613426
21.518072 2.649125 0.355870
29.889723 3.800900 0.442360
34.766624 4.523925 0.732015
26.051811 3.213686 0.380627
23.351631 3.456438 0.434440
31.700079 4.538997 0.468114
24.755699 2.707538 0.547130
24.261761 2.754877 0.258340
23.113350 2.803326 0.553746
24.609592 3.183269 0.286029
38.111443 3.689341 0.692916
22.706945 3.251748 0.336002
28.845459 3.996599 0.502210
25.968615 3.256037 0.486419
41.759678 5.481621 0.525276
28.233431 4.024287 0.589313
31.053974 3.450454 0.613038
24.248543 3.165923 0.395990
24.655733 3.527707 0.665740
29.221462 3.242709 0.552605
33.496719 3.433978 0.701162
20.684675 2.482285 0.562238
27.389065 3.380145 0.470397
30.741920 4.231689 0.523240
26.310747 2.760906 0.495304
27.867870 2.662939 0.604500
16.589184 2.200097 0.243558
34.677921 3.774538 0.634377
26.899605 3.199744 0.496586
28.928358 3.954690 0.595688
33.633602 3.895060 0.449138
28.522116 2.839787 0.622472
25.032618 2.941142 0.523028
26.776852 3.241349 0.654006
34.214493 3.937865 0.618356
36.075233 4.283199 0.650022
21.791439 2.775630 0.387621
28.634104 3.249896 0.546797
23.145670 2.586109 0.564364
28.696657 3.800433 0.546850
32.960400 4.237929 0.523240
31.664694 3.518159 0.613111
25.685896 3.818321 0.722144
31.934647 4.371102 0.530180
24.619186 2.757128 0.361962
25.757069 3.823233 0.576660
30.382572 3.544412 0.656012
23.529852 2.614048 0.449992
25.537493 2.709368 0.569813
37.002430 6.102565 0.397774
20.223284 2.698540 0.379216
18.657415 2.433298 0.254658
32.555420 4.015319 0.622832
30.259550 3.577404 0.569810
25.638031 3.051842 0.504513
36.422241 4.450205 0.622543
33.575939 4.530492 0.611683
37.637520 5.681356 0.697755
32.128666 5.372253 0.551383
33.871941 3.701505 0.638510
23.332285 2.459457 0.616321
27.249807 3.235235 0.513287
27.844671 3.622120 0.407890
30.813854 3.035970 0.537714
31.030758 4.086763 0.626638
24.997953 3.368895 0.414519
26.754457 3.134333 0.474553
24.225466 3.205577 0.508865
27.785275 2.879320 0.514244
37.068657 4.348860 0.617686
26.905207 3.867830 0.510281
24.412439 3.017044 0.433338
31.652163 4.255132 0.594189
27.442358 3.952845 0.465799
28.019194 3.543914 0.436388
21.327938 2.541608 0.416743
37.252567 4.252086 0.598408
35.474495 4.142147 0.646311
22.548597 3.238677 0.331506
28.727543 3.196016 0.650008
25.337500 2.790907 0.562883
23.045650 2.648803 0.568443
20.489983 2.508832 0.264424
25.191444 2.462659 0.703557
33.463524 4.399226 0.586127
25.638151 2.847358 0.454679
32.239750 3.546537 0.588731
31.632919 5.168805 0.515752
25.195166 3.226768 0.462540
24.984072 3.388622 0.493320
27.033451 2.942152 0.532045
24.093613 2.718392 0.561751
30.896809 3.893222 0.556710
26.110378 2.814044 0.424591
27.561682 2.878109 0.444482
25.593464 3.493839 0.498435
25.573135 2.664588 0.344899
24.535164 2.819966 0.320365
26.363615 4.057544 0.483728
29.258627 3.507124 0.423410
22.223291 2.488755 0.398963
29.945871 4.566401 0.512097
31.365993 3.594308 0.651490
21.802034 2.724539 0.311498
24.637516 3.243609 0.500426
28.962152 3.261707 0.725046
29.803463 3.893222 0.505797
25.995838 3.490345 0.517687
20.838331 3.007351 0.386152
24.963499 3.499746 0.472540
31.252432 4.028155 0.375248
27.897711 3.678603 0.436718
20.664383 2.770683 0.266236
21.443521 2.436019 0.365332
21.923882 2.889124 0.351595
25.455721 2.847567 0.504804
26.761036 2.937176 0.470549
23.732901 2.998899 0.299267
28.116045 3.604295 0.632062
29.178703 3.268687 0.557829
28.366449 4.045652 0.559954
26.327335 2.707689 0.525958
26.722054 2.928318 0.555626
35.423836 4.785391 0.532557
27.238947 4.210249 0.505057
32.822788 4.659250 0.602512
22.265196 2.410594 0.497540
23.307386 2.918351 0.393983
26.221069 3.055081 0.579993
30.825703 3.807708 0.541801
21.250526 2.169170 0.416351
26.637659 3.901019 0.566185
29.272549 3.847989 0.594496
31.092083 4.518255 0.589517
24.178616 2.526008 0.483627
31.508049 3.566793 0.584160
24.092640 3.464378 0.401827
25.837631 2.816635 0.557073
32.918427 3.146324 0.671893
29.262587 3.210200 0.549619
28.682716 3.343727 0.595899
27.597729 3.195197 0.674412
32.782822 3.443564 0.662303
30.563442 3.773566 0.547976
24.419168 3.856031 0.448305
29.434336 3.704294 0.459029
36.305439 4.112665 0.653050
28.865089 3.021979 0.529326
27.763285 2.775987 0.493844
25.251848 3.188501 0.454125
29.390844 3.629117 0.681777
25.159670 2.707532 0.455219
27.691935 3.652701 0.331200
22.520773 2.658779 0.456053
23.111326 2.176594 0.515027
26.133745 3.121204 0.428389
31.387920 5.893116 0.606848
31.106760 3.581047 0.612490
30.590452 3.982903 0.717045
32.302872 3.397746 0.563013
26.080994 2.755741 0.441955
18.270775 1.843260 0.456605
22.066097 2.931653 0.239815
24.373304 3.238045 0.496854
25.942434 2.995906 0.389852
31.863544 3.491302 0.504892
40.782600 5.243037 0.675625
36.056252 5.930063 0.707663
17.392561 2.617081 0.180829
29.480587 3.798396 0.507198
28.327589 3.199342 0.552057
24.867296 3.171428 0.507578
30.046455 4.224957 0.453495
27.102158 2.843826 0.633649
31.696856 3.491131 0.774674
22.261087 3.324291 0.481417
29.306269 3.164677 0.530554
23.544426 3.055146 0.322370
24.155788 2.657895 0.500143
30.631424 3.291005 0.536432
26.337637 3.126456 0.417865
31.617012 3.714447 0.634988
22.403214 3.104160 0.453694
27.855247 3.540344 0.490953
28.087784 4.179069 0.390843
18.853615 2.654657 0.387765
29.425228 3.720855 0.707073
31.317526 4.390098 0.528308
28.095615 3.171428 0.521194
27.469971 3.129917 0.559685
25.292582 3.150737 0.350193
28.725225 3.017044 0.516440
30.649292 3.447245 0.811030
23.585953 2.811190 0.465618
29.260019 3.590647 0.578182
26.865911 3.116863 0.420000
30.739441 3.348145 0.642913
25.653044 3.291750 0.531819
28.609770 3.858593 0.353074
26.983921 3.298830 0.470321
25.018883 2.675730 0.447724
23.469530 2.948640 0.419286
27.709566 2.702635 0.520763
27.228819 3.376564 0.548413
26.224669 2.993792 0.431937
27.327787 2.942334 0.389924
28.182999 3.367108 0.508996
29.901203 4.118200 0.455714
25.077965 2.994952 0.385810
20.067909 2.740179 0.218134
26.560423 3.729214 0.562030
27.725893 3.165648 0.481430
18.179319 2.243232 0.362661
19.931465 2.759513 0.409721
28.919703 2.941268 0.660297
36.716766 4.136154 0.696747
30.959986 4.052531 0.549503
28.479004 3.771496 0.407363
28.813835 4.141483 0.603799
34.204189 4.251848 0.779622
24.299572 2.740402 0.604148
28.372200 3.602452 0.398195
25.111343 2.933511 0.449059
30.823814 3.091798 0.733974
27.750729 2.678714 0.653486
27.839481 3.733533 0.538000
34.550808 5.376263 0.626259
21.000820 2.539620 0.343571
28.268785 3.487384 0.554797
29.399340 3.733710 0.590047
27.026281 3.839453 0.481365
31.766949 3.635835 0.669733
25.958662 3.351175 0.551108
17.141022 1.755336 0.136422
28.697235 3.271174 0.656568
22.436584 2.555296 0.378010
32.914986 4.275171 0.641415
20.011011 2.706157 0.258199
27.950535 3.429090 0.496070
34.056435 3.832396 0.552014
33.212135 3.823865 0.584117
24.956842 3.751523 0.439036
31.000416 3.491539 0.558806
33.398529 3.579319 0.770760
22.520952 2.601895 0.388490
29.795740 3.257734 0.641420
23.875113 2.888949 0.262426
26.465004 3.585263 0.355218
31.506626 4.845660 0.759447
26.540545 3.178499 0.415253
28.554621 4.532859 0.579257
30.795427 3.860117 0.683881
23.970032 4.033407 0.478888
34.527355 4.297941 0.654197
30.713493 5.461418 0.575554
26.632681 4.195930 0.637242
27.181768 4.066765 0.553111
27.661201 3.154296 0.605566
30.315435 3.087604 0.599187
25.015358 3.013618 0.460152
31.770851 3.083300 0.544357
29.510515 3.445415 0.647893
30.227974 3.721311 0.579493
30.861458 3.469670 0.508244
21.123058 2.137021 0.447023
25.705853 3.429927 0.452618
28.787708 3.505375 0.500765
29.530947 3.594308 0.527039
34.295727 4.152269 0.582882
27.798832 3.400275 0.584179
24.279408 2.727681 0.392852
27.035749 2.816896 0.534197
25.694996 2.895957 0.364971
26.064013 3.352705 0.502323
24.467890 2.889477 0.294014
31.281654 4.149597 0.515908
26.968430 3.197442 0.600774
23.085245 3.148589 0.388629
22.571165 2.834226 0.425032
26.951326 3.435856 0.715301
29.037256 4.316302 0.565645
24.624926 3.452861 0.341474
29.711134 2.963586 0.443962
25.527874 3.482238 0.408744
29.179605 3.346791 0.472912
27.092800 3.271884 0.577877
26.230570 2.701624 0.524677
29.847801 4.166729 0.582559
31.323460 4.377755 0.453872
29.041367 3.856994 0.586280
27.618013 4.866236 0.373152
30.217285 3.354802 0.748299
25.928545 3.730288 0.294708
24.464174 3.418334 0.410556
23.986568 2.769944 0.338130
25.585617 3.542924 0.464988
24.878199 3.059850 0.586532
38.208420 4.426296 0.738029
32.975014 3.945422 0.475231
23.776104 2.515165 0.546404
32.685101 5.039858 0.584658
27.295387 3.747058 0.434417
23.926336 2.909125 0.418630
25.470053 2.607378 0.439976
20.495314 1.944440 0.334283
22.815418 3.024102 0.461373
31.261847 4.356785 0.503368
27.827711 3.338326 0.539220
26.406384 3.417037 0.390074
28.917793 3.786926 0.524139
24.302401 2.669672 0.460003
29.255896 3.308806 0.580315
23.542097 3.095767 0.432739
29.071163 3.962737 0.556821
41.976570 5.773413 0.594212
27.016068 3.434211 0.440666
34.838272 4.666216 0.772917
22.490459 2.811536 0.338446
31.141167 3.368067 0.552555
20.449501 2.394459 0.268483
28.736895 3.109238 0.587563
38.134762 5.343591 0.481498
37.675930 4.047830 0.749424
26.589596 3.189436 0.577259
25.991377 2.835252 0.599289
28.809206 3.280864 0.598127
20.362013 2.644874 0.335438
24.939913 3.162597 0.408215
27.896513 3.108008 0.652836
28.129526 3.127069 0.636993
25.385441 2.615695 0.453787
19.799747 2.157624 0.327693
27.711832 4.287473 0.634443
20.503889 2.560090 0.418558
30.250330 4.138967 0.572651
24.927187 2.484477 0.548295
24.224758 3.434010 0.532716
33.129639 4.646989 0.609514
28.434546 3.213176 0.551742
23.863276 2.512333 0.534313
22.807550 2.990513 0.282912
27.168486 2.963408 0.424795
27.592861 3.298939 0.447761
20.970583 2.900795 0.393545
27.510324 3.251341 0.412211
33.459595 3.641402 0.619138
17.845942 2.102769 0.317571
24.452600 3.353843 0.441620
32.506969 2.997619 0.777310
25.651037 3.172014 0.580827
29.213745 3.611508 0.492353
24.010468 3.961414 0.507197
35.483639 5.343591 0.479217
24.258287 3.406692 0.341567
27.351625 2.838231 0.544104
21.671299 2.754506 0.313625
24.902153 3.315054 0.534079
33.350372 4.077213 0.502622
25.638611 3.341323 0.454015
27.618273 3.277075 0.474632
32.857449 4.666216 0.678549
26.670313 4.100370 0.481008
28.154213 2.798131 0.649135
31.426826 3.855360 0.523055
21.757793 2.258802 0.391621
23.899300 2.499710 0.502747
27.002357 3.602947 0.432587
31.769949 3.977229 0.615953
33.625736 4.143192 0.650902
28.923416 3.275758 0.562842
28.633505 3.357216 0.487503
29.418171 3.630884 0.592626
31.529329 3.495843 0.626585
30.714653 4.203072 0.581947
22.308865 2.836700 0.293635
28.914658 4.859668 0.458326
26.284679 3.195896 0.590671
29.833323 3.339531 0.680766
26.870449 3.534374 0.620252
29.180498 2.957660 0.656470
29.207663 4.245944 0.528514
33.576748 3.640508 0.744233
20.787449 2.547092 0.313145
29.400517 3.590398 0.518929
29.141144 4.213818 0.494883
29.000265 2.788634 0.604829
24.607063 3.012650 0.558435
28.341478 3.778790 0.556754
29.547245 3.520820 0.660418
26.723267 3.108849 0.460028
25.169901 3.120054 0.453458
27.768373 2.959577 0.394338
27.415129 3.104393 0.646468
21.876293 2.758002 0.479494
24.725910 2.452482 0.650829
23.087580 2.706320 0.448378
26.981691 3.256736 0.400643
30.650112 3.444834 0.610958
25.244114 2.535544 0.397695
25.696447 2.669018 0.556119
30.973747 3.504564 0.609207
25.671530 3.225639 0.341800
32.461372 3.351961 0.562140
25.344687 3.423376 0.331399
30.673109 3.810429 0.419821
30.432713 3.046160 0.613553
25.883917 2.841311 0.559616
26.190100 2.759451 0.579789
29.362146 3.049406 0.726019
32.511837 4.141376 0.622423
22.630775 3.175046 0.376826
25.667225 3.143208 0.460436
21.179745 2.566804 0.380316
36.513805 5.032248 0.627725
38.627079 4.848080 0.480859
28.226677 3.111715 0.410008
32.264618 3.938773 0.553133
30.569765 3.562570 0.393095
22.410305 2.534682 0.501298
30.858068 3.548506 0.615618
30.758745 3.124421 0.710652
21.017172 2.341319 0.302054
29.633112 3.142134 0.567237
27.486908 2.677539 0.807484
41.740643 4.928878 0.631084
24.353424 3.030958 0.478499
33.041656 3.984641 0.619735
28.900747 3.722450 0.382059
29.259731 3.848102 0.673246
24.662226 2.648803 0.697918
23.504892 2.743004 0.504847
22.470524 2.355357 0.389825
30.247347 3.068197 0.597200
22.973671 2.852304 0.387419
28.783632 3.391106 0.578638
22.961031 2.549051 0.410502
22.652418 2.957660 0.412979
25.145563 2.782871 0.463034
22.956707 2.763927 0.488389
23.067598 2.814343 0.493054
28.949076 3.724205 0.580180
23.994507 2.964760 0.357779
23.103283 2.712430 0.431741
29.025925 3.723507 0.532348
32.381168 3.665971 0.714269
32.278919 4.371804 0.559017
24.977209 2.501538 0.508034
28.563107 3.320983 0.344544
23.635546 3.075731 0.531198
22.768824 2.737490 0.476149
32.667473 3.576431 0.576370
22.239630 3.330004 0.448584
29.097078 3.091798 0.644797
21.775270 2.769945 0.283630
23.908979 2.487489 0.379068
28.976416 3.629055 0.599714
30.145006 4.179008 0.606405
25.778564 3.869903 0.424558
27.386030 3.121828 0.537119
28.706724 3.692714 0.518008
28.049427 3.034071 0.477418
28.039621 3.168042 0.553765
27.576092 3.318062 0.625330
25.594585 2.677932 0.618339
28.241085 3.740830 0.458771
27.105820 3.235124 0.515275
29.649664 4.299582 0.563234
25.474825 2.600483 0.660619
27.685551 2.611019 0.437693
26.357512 2.846605 0.403263
29.977318 3.430597 0.610733
28.081944 3.064444 0.608316
22.744827 2.344900 0.452894
23.333126 2.944190 0.347790
25.122953 2.797441 0.482682
24.655344 2.430900 0.585900
25.998487 3.023972 0.650943
27.316984 3.118715 0.553065
19.877760 2.649651 0.242155
33.913872 3.372594 0.630154
25.125345 2.656825 0.422686
34.603317 4.740150 0.706622
30.841534 3.848102 0.732477
25.857290 3.202005 0.590771
21.928291 2.616626 0.424879
30.033258 3.731205 0.558388
35.215904 4.925588 0.728082
25.019438 3.047934 0.607065
23.389553 2.610044 0.301648
28.585384 3.221564 0.625273
27.565859 3.641183 0.438007
22.231989 2.566423 0.510706
35.409645 5.157745 0.558554
26.890949 2.943189 0.570381
28.431993 3.091425 0.726174
29.879683 3.420862 0.595681
29.173737 5.553901 0.438709
23.600708 3.293780 0.494502
26.945158 3.715815 0.506495
34.278362 4.113784 0.721793
29.775158 4.301922 0.586479
30.344185 3.264317 0.567744
35.841732 4.322801 0.744792
26.665508 3.644187 0.422087
27.023394 2.971376 0.614700
31.319574 3.333921 0.566273
28.920000 3.733733 0.670183
31.077763 4.303268 0.664247
24.615961 2.883414 0.483960
24.025284 3.465965 0.524260
25.522266 3.104628 0.536282
26.138802 3.845561 0.450831
31.859280 4.308064 0.656540
28.889841 3.603241 0.471916
27.884960 2.759451 0.591076
36.360958 4.323856 0.630483
30.066137 3.529028 0.497862
25.486734 3.631073 0.317124
31.805122 3.213349 0.433101
35.851017 3.809797 0.808920
20.389606 2.412247 0.436668
30.074099 3.313984 0.633007
29.701460 3.584239 0.617717
31.065693 4.316572 0.614386
30.733376 2.925079 0.362421
26.663681 3.203096 0.439461
30.161295 3.276384 0.605445
27.329449 3.800618 0.565473
25.802923 2.848877 0.631825
26.967012 3.035141 0.679014
28.851645 3.657441 0.512154
21.709444 2.473350 0.531979
27.249416 3.389919 0.433100
26.023170 3.372658 0.401714
23.198135 2.651642 0.405164
22.402445 2.612492 0.468734
35.095657 3.485285 0.725427
26.222406 3.425184 0.527294
23.491594 3.184546 0.475048
36.482437 4.291790 0.721001
27.412483 2.639868 0.536792
24.848299 3.505420 0.509940
30.482508 4.393203 0.612559
21.196350 2.272166 0.409653
26.413782 3.071485 0.494748
28.741821 3.973326 0.357259
32.241081 3.893194 0.558321
20.602953 2.542010 0.211513
26.032822 2.472696 0.495008
19.413536 2.903017 0.318700
26.523703 3.026979 0.519754
33.294827 4.235040 0.460216
31.199415 3.357216 0.601056
34.248425 4.873921 0.593564
30.417854 3.583964 0.393288
22.155176 2.666856 0.432967
38.386822 4.728320 0.659390
26.372002 3.566550 0.447572
31.798742 4.216593 0.581455
31.712074 3.525606 0.654927
23.171103 3.085462 0.348672
30.293282 3.579455 0.492099
23.495321 2.760103 0.324019
29.000553 3.571379 0.456315
31.109463 3.197870 0.571313
26.285448 3.947968 0.497895
30.174309 3.846772 0.512102
31.880802 4.051048 0.577544
32.129242 3.243367 0.738484
28.175524 4.046371 0.459616
30.551056 3.515002 0.506215
35.850128 4.213808 0.708004
27.982868 3.810818 0.471213
19.283382 2.818714 0.262995
29.143061 3.880348 0.669010
29.440933 4.151971 0.425697
27.681515 3.387005 0.399515
24.642326 3.308470 0.524588
22.563328 2.690200 0.365946
24.627790 3.159812 0.418717
28.056387 3.708242 0.518644
22.604774 2.605978 0.461268
29.361485 3.435653 0.573372
25.633324 3.023512 0.625882
32.503345 3.700857 0.449268
25.862164 2.910223 0.487553
27.610706 3.975015 0.392710
23.093964 2.541697 0.472764
28.404470 4.100370 0.481433
28.355053 3.297970 0.530876
22.793369 2.527071 0.427733
39.509624 5.343591 0.689288
29.272963 3.005420 0.586533
24.220686 3.043862 0.425345
19.382439 2.865493 0.361994
25.054588 2.353708 0.563466
22.399637 2.937823 0.514625
32.980164 4.018806 0.525094
32.689098 3.198234 0.773781
33.090065 3.719116 0.738155
27.052612 3.774696 0.343865
33.401154 4.395424 0.638101
28.157713 3.428375 0.683843
24.776697 2.995974 0.404907
32.899094 5.124144 0.488443
26.992188 3.471040 0.392545
25.599800 2.595131 0.587118
29.040472 3.855407 0.565668
22.129261 2.493169 0.459556
29.365835 4.228125 0.583599
31.108772 3.451362 0.631572
26.680874 3.155900 0.515941
30.014584 3.746101 0.507979
26.085556 3.251941 0.552369
28.395323 3.567303 0.497136
23.923008 2.355548 0.473330
30.479000 3.081362 0.553898
27.107029 3.402955 0.433732
23.649139 2.593821 0.438790
27.471731 3.824787 0.598949
32.544434 4.286216 0.593082
27.772636 2.722127 0.486761
24.824354 3.730900 0.421447
18.699057 2.239034 0.188888
34.312641 3.828463 0.529575
22.209316 3.022439 0.402924
22.064758 3.306792 0.612163
25.241642 3.565024 0.423245
27.829458 3.884806 0.475138
28.004906 3.301327 0.571913
28.015751 3.039209 0.557793
31.177828 3.562615 0.537762
24.409733 2.462582 0.459689
30.535908 3.230776 0.478242
32.250820 3.464793 0.567340
25.471405 2.785044 0.433060
25.997890 3.218996 0.432664
26.860939 3.518691 0.419173
22.727608 2.791428 0.370609
34.643787 4.074913 0.527282
35.796852 5.011904 0.602728
21.548658 2.269345 0.502230
24.916567 3.093759 0.508692
36.331276 3.780371 0.689346
23.865883 3.636424 0.504326
27.580462 3.158323 0.496796
26.787849 3.541635 0.468994
17.678270 1.963064 0.264641
24.600262 3.158323 0.429883
34.430172 5.042212 0.691378
28.143518 3.436661 0.597310
27.906342 3.257201 0.506582
30.734016 3.514026 0.593124
30.814945 3.770840 0.640117
27.610041 3.271884 0.632819
31.609955 3.386777 0.579336
27.452841 2.861793 0.528248
30.420757 4.785463 0.566265
27.474916 2.934493 0.534679
28.001724 2.849189 0.623859
19.438869 2.183686 0.274868
21.966906 2.668913 0.337220
24.902458 2.546716 0.616191
29.043255 3.260705 0.530123
25.355726 2.880614 0.442999
24.779274 3.108972 0.436866
31.030130 4.234344 0.590869
31.961664 3.932694 0.615195
24.634895 3.401932 0.524494
23.158995 2.769098 0.406578
27.636591 3.456917 0.464871
32.349651 3.845296 0.653955
30.756365 3.092980 0.553018
21.873144 2.826576 0.435302
28.021555 3.360677 0.506480
24.998394 2.828840 0.496046
24.991869 3.210854 0.478671
24.538834 2.333535 0.574685
34.691490 4.403596 0.636290
33.147507 3.815284 0.528679
28.945528 3.400663 0.496797
31.547705 5.233515 0.518468
34.016857 4.248120 0.700387
25.987278 3.550304 0.491122
24.573761 4.100642 0.442710
29.397169 3.252504 0.620365
32.868019 3.364195 0.702514
21.154430 2.394940 0.367832
33.123642 3.635835 0.632131
37.948750 4.799178 0.632504
36.834255 4.426296 0.668521
22.596403 2.883208 0.386625
24.836765 2.610702 0.319238
20.244589 2.660016 0.347346
31.746155 3.938180 0.639796
29.120676 4.211322 0.449233
30.802885 3.712965 0.645212
22.030460 2.576442 0.337181
27.414011 3.656078 0.415754
26.094786 3.002833 0.481788
29.320452 3.036528 0.478281
24.034657 3.121870 0.590177
28.073633 3.175145 0.594102
25.836164 2.879421 0.451528
27.013590 3.318959 0.516707
27.360449 3.442771 0.528583
28.019861 4.578920 0.625246
36.364483 5.384171 0.510328
27.858681 3.403506 0.578616
22.930122 3.487396 0.366173
26.020315 3.219015 0.565785
32.755219 3.562503 0.659376
24.637405 2.606138 0.503386
25.712994 3.034694 0.450809
32.398834 4.337554 0.703244
21.470480 2.541341 0.535599
22.442066 3.524025 0.435259
27.597260 4.297303 0.490047
22.553797 2.442046 0.329918
27.354458 3.218500 0.534745
23.803671 2.805088 0.429736
23.828568 2.558349 0.495100
23.817707 3.497184 0.476854
34.297451 4.009423 0.626875
27.888653 2.881419 0.513018
29.357922 3.520659 0.539968
30.779243 4.161056 0.606688
25.812891 3.042389 0.449810
24.805651 3.694379 0.353811
27.009398 3.141771 0.494080
24.450815 3.539697 0.506802
36.400505 4.084239 0.691271
28.487680 3.159670 0.598660
27.014900 3.175853 0.630587
25.342110 3.113411 0.450517
40.434765 4.426296 0.709364
29.733458 3.731348 0.560853
25.682287 3.035907 0.580239
26.788637 3.244233 0.704736
22.205191 2.447361 0.390953
30.075195 4.139572 0.577853
24.955368 2.587523 0.585112
30.993755 3.651635 0.499822
27.579330 3.274077 0.536387
28.351662 3.262247 0.513698
24.050274 2.508116 0.496795
34.439823 4.684847 0.612991
32.026424 4.501269 0.529913
28.478168 3.099464 0.328781
23.969893 2.468486 0.488164
23.366737 2.925894 0.405143
28.932756 3.171428 0.592601
32.207489 3.374084 0.580641
25.405661 3.247745 0.502390
27.284323 3.242509 0.644415
36.777344 5.268128 0.517570
24.211082 2.268857 0.423301
27.764751 4.356785 0.423261
27.985662 3.661219 0.559411
27.078163 3.946456 0.514980
22.636278 2.473465 0.381149
28.919636 3.393578 0.616667
31.122311 3.810227 0.694088
30.219345 3.698704 0.555825
24.112097 2.654316 0.432847
23.027023 2.857234 0.446289
23.062441 2.672093 0.441215
30.186386 3.169857 0.663820
30.712032 4.287159 0.589770
34.984001 4.018096 0.660494
25.017031 2.983873 0.395062
31.058546 3.815166 0.625422
28.855591 3.300002 0.611032
29.228960 3.327840 0.548612
23.539881 2.664271 0.370770
23.142628 2.482468 0.274638
28.997200 3.227255 0.596539
27.884420 3.315518 0.468064
35.165600 4.765413 0.705940
26.531458 3.934800 0.386285
23.901501 2.905961 0.428978
28.290417 3.324086 0.448350
32.465523 3.433302 0.692141
31.666183 3.480669 0.709541
39.663223 4.712945 0.732971
22.384504 3.000623 0.338116
28.342285 3.224848 0.316450
22.011135 2.793489 0.373343
32.016029 3.617132 0.485489
25.591005 3.114550 0.523425
26.132471 3.264582 0.474369
24.788118 3.242539 0.504009
28.420055 3.213887 0.518224
34.082584 3.938180 0.639970
28.240776 3.699841 0.457009
33.126957 3.492832 0.530716
24.531231 2.490892 0.692057
20.139713 2.615960 0.424347
21.082703 2.719697 0.396345
24.466921 2.860371 0.554900
26.682398 3.347812 0.578415
31.328180 3.661388 0.452360
29.034319 3.222639 0.503084
30.167545 3.415097 0.470652
26.730122 3.102997 0.491475
29.319881 3.255530 0.606124
30.286304 3.415617 0.586099
33.731228 3.505354 0.668858
33.682858 4.467668 0.569988
29.550533 3.186634 0.640292
24.242142 2.889921 0.394506
24.555567 2.952515 0.401519
30.823227 3.414946 0.640805
20.822302 2.022828 0.427467
30.909088 3.433439 0.576422
36.097912 3.770723 0.665083
28.542261 3.432849 0.618174
32.609310 3.809797 0.648746
32.577351 3.677576 0.588217
21.210981 2.757355 0.354681
25.588129 2.672520 0.411423
27.242176 3.910299 0.531320
26.057257 3.303972 0.420174
22.508726 2.377242 0.398126
22.351229 2.398180 0.496768
29.411148 3.882118 0.502094
27.416735 3.399526 0.527809
28.254389 4.059405 0.524662
26.748816 3.303888 0.569829
27.152859 3.597771 0.575354
24.934227 3.835916 0.426841
31.325022 3.846632 0.646617
28.412636 4.150304 0.573373
27.948561 3.257436 0.606961
33.619698 5.148389 0.684396
30.948217 3.435654 0.663526
40.254341 5.222721 0.491415
25.994171 3.082597 0.550484
25.564234 3.163345 0.400302
21.080070 2.059673 0.367172
29.640778 3.570879 0.486403
27.002260 4.347299 0.652630
27.137270 2.998310 0.609424
31.564777 3.815284 0.508468
28.403179 3.581744 0.425188
34.940308 4.323856 0.628376
22.581598 2.942313 0.539086
27.915848 3.386052 0.526809
24.927610 2.861222 0.424938
28.542572 2.868195 0.529691
26.065159 3.828278 0.551594
27.055790 3.795832 0.487752
22.946819 2.616065 0.469341
28.768475 3.313356 0.572395
25.053846 2.913656 0.420839
35.753788 5.233515 0.526880
21.899324 2.601326 0.223741
23.078955 3.171428 0.482334
25.754219 3.415809 0.381019
24.256147 2.675719 0.554774
23.387085 3.343641 0.426133
37.090645 4.690670 0.643388
29.528246 3.515141 0.502169
23.813862 3.547781 0.484689
28.190413 3.251735 0.678574
30.784840 3.664270 0.618321
28.641256 2.703671 0.667571
25.967779 3.534871 0.460983
26.756062 2.657438 0.655161
27.554977 2.948564 0.532292
27.917542 3.024559 0.580559
26.823284 3.547400 0.411031
31.851915 4.236027 0.520883
30.473228 3.352927 0.572449
32.936722 5.307464 0.535004
26.676594 3.246506 0.582956
31.367607 4.443711 0.581662
20.365589 2.312943 0.384149
30.012436 3.772361 0.641071
28.024452 3.618257 0.407434
27.594818 4.701879 0.594911
28.183010 3.018773 0.447752
22.751209 2.749954 0.352198
25.017786 2.551190 0.581555
20.995394 2.601966 0.521504
24.346502 3.064181 0.389052
23.387413 2.316800 0.416203
21.781225 3.180742 0.355472
27.014725 3.434005 0.559433
36.009094 5.386586 0.501557
19.799555 2.575656 0.404053
24.759142 3.336307 0.398693
35.485863 4.314580 0.658903
28.111790 3.434464 0.499260
22.662781 2.813632 0.384053
26.215931 3.988424 0.582133
27.627972 4.380743 0.597063
28.402554 3.652526 0.401568
24.908075 2.975540 0.376258
34.179157 3.993734 0.573059
34.439396 4.297941 0.570470
24.638140 2.882259 0.558943
22.031647 2.610771 0.487591
19.419949 2.220740 0.339256
22.112383 3.037488 0.332128
28.473946 2.820729 0.666213
25.744541 3.617053 0.540341
28.729424 4.483550 0.490742
25.799761 3.947817 0.361052
25.408121 3.079830 0.509005
29.813948 4.682848 0.692402
28.066031 4.832766 0.589139
32.625786 3.618652 0.527271
35.926559 4.772528 0.644247
24.424175 2.631376 0.675306
26.875532 2.747369 0.432871
27.489580 4.425802 0.530991
25.224442 2.666665 0.573918
28.663439 2.778749 0.759659
30.069920 3.937267 0.636845
27.532097 3.330234 0.473173
27.347269 3.369993 0.583738
24.586290 3.302489 0.410707
31.933861 4.150304 0.717798
27.484568 3.517817 0.588022
24.810829 2.935731 0.440451
27.939421 3.370562 0.629451
27.830156 3.029190 0.428784
26.648968 3.681338 0.515552
50.093880 7.101439 0.718734
35.468224 3.581212 0.507158
27.189901 3.146875 0.599989
26.887310 3.036536 0.578606
32.235031 3.751116 0.622001
24.614832 2.940404 0.445536
30.777531 3.127445 0.627462
14.100666 1.976750 0.151003
21.827175 2.846797 0.295517
32.626690 4.400138 0.587556
24.207914 3.002300 0.286346
25.524130 2.737893 0.581856
18.612322 2.180575 0.327466
30.077562 3.361287 0.664843
29.810345 3.296411 0.475168
26.059610 4.050220 0.402131
27.184977 2.885946 0.536224
26.823851 3.252719 0.615144
29.995872 3.337263 0.606051
23.497896 2.536875 0.415089
21.776619 2.794876 0.344412
29.263811 2.789180 0.597197
20.330053 2.645286 0.393080
25.901978 3.109691 0.443004
31.279554 3.675567 0.670509
25.471102 3.087500 0.461003
28.799313 3.690966 0.611810
29.965467 3.337528 0.624252
28.679478 3.098228 0.745084
27.400589 3.347666 0.525595
23.810009 2.565212 0.461791
23.947325 2.505649 0.492870
30.681458 4.034132 0.499256
31.156012 4.134013 0.668463
29.731123 3.836908 0.714936
27.586641 4.453248 0.444970
24.791489 2.808700 0.460659
29.574091 3.671805 0.567848
22.975908 3.636591 0.384238
23.609308 3.161848 0.374200
24.786324 3.101217 0.478530
37.700146 4.835150 0.692735
26.664030 3.562349 0.626802
29.104326 2.769490 0.622264
31.113136 3.793624 0.537070
25.668137 3.320234 0.390240
25.220579 3.244253 0.396303
31.420675 3.683766 0.715870
24.763750 3.204896 0.315910
33.596687 3.413726 0.626448
26.576324 3.679918 0.369377
29.045156 3.793344 0.556443
22.699341 2.794820 0.526299
33.866531 4.866231 0.731067
28.618530 3.394067 0.424241
30.130217 3.573600 0.614489
36.682415 4.687346 0.657918
25.761179 3.285186 0.544781
28.286068 3.741952 0.450818
27.225922 4.712640 0.638895
23.445091 2.988408 0.462458
29.499111 3.570054 0.596862
30.759468 4.621048 0.619204
28.356897 3.643618 0.371720
31.424267 3.950058 0.665895
30.213463 3.989713 0.613235
27.498579 3.242709 0.575250
30.377119 4.119340 0.616599
30.261431 3.885556 0.517921
28.609529 4.033438 0.611361
27.100168 3.305447 0.478270
28.859596 3.271207 0.595952
29.784344 4.052398 0.493435
25.917944 3.150722 0.433417
28.343555 4.120349 0.553526
26.567686 3.050954 0.443705
22.139462 2.761242 0.364917
24.244373 3.345515 0.496964
22.493380 3.485473 0.472743
24.861710 3.025753 0.537041
27.461882 3.999363 0.637798
25.591915 2.608398 0.396094
21.068874 2.577631 0.276782
29.208036 3.813563 0.436094
25.645025 3.205534 0.398957
29.365967 3.345878 0.656170
31.083124 4.526786 0.544929
32.022743 4.636999 0.662816
26.326803 2.868741 0.618526
26.373869 3.143208 0.566532
28.935635 3.735560 0.460198
21.471458 2.414491 0.408933
29.245871 3.513368 0.598453
32.002769 4.268161 0.509925
25.907629 2.821132 0.599986
34.717464 4.290483 0.615930
25.394728 2.919955 0.541911
27.902996 3.424992 0.530335
22.552160 2.773564 0.357170
31.535297 3.556285 0.496821
22.063126 2.661856 0.453172
37.539227 5.547525 0.568067
26.220156 3.458380 0.569170
27.682144 3.501078 0.579968
27.519682 3.884806 0.463916
23.508324 2.919257 0.440550
23.616131 3.027901 0.455802
27.335653 3.026480 0.489768
27.896864 4.845660 0.604643
35.912128 4.836480 0.650440
31.766853 4.332718 0.599899
21.564949 2.191398 0.453347
21.477142 2.727309 0.384538
25.541361 3.104628 0.609200
29.780802 3.946712 0.576280
33.464920 4.079383 0.674238
25.180067 3.019377 0.612296
28.353724 3.326770 0.478398
25.691526 2.805239 0.699580
25.331949 3.061336 0.416506
40.022270 4.605560 0.682620
32.592377 3.295017 0.695441
29.523380 4.763303 0.589843
27.211998 2.828334 0.520782
30.409983 4.044270 0.600957
27.477640 3.561080 0.572928
25.919256 3.150105 0.533174
28.358782 2.970738 0.544503
25.893476 2.939926 0.554847
29.734583 3.118363 0.520553
26.238773 2.801589 0.418139
29.406675 3.250832 0.603564
28.211418 3.150554 0.666783
33.702259 4.005437 0.576651
17.654175 2.866998 0.281443
25.858669 3.806170 0.459291
29.071085 2.960582 0.631059
37.144341 4.410930 0.626119
29.966698 4.706924 0.684867
23.695126 2.925610 0.351266
28.609985 3.542924 0.562743
42.333157 6.345102 0.669034
23.001694 2.704626 0.429224
26.158033 3.713022 0.492752
28.530500 3.902120 0.449664
27.440601 3.468114 0.466801
24.241434 3.728155 0.544484
28.574875 3.367989 0.474608
29.051422 3.472850 0.471315
22.417419 2.618263 0.428667
26.219419 2.987432 0.397946
29.701380 3.514317 0.705009
27.335909 3.550829 0.588873
23.382832 3.062915 0.362501
34.199383 4.279953 0.563267
27.056673 3.560308 0.336507
22.621168 3.626964 0.359581
25.221422 3.302565 0.543699
23.146843 3.241038 0.458229
26.030460 4.175112 0.351011
23.958344 2.668147 0.466929
29.212429 3.740858 0.541952
33.287960 3.600488 0.449289
26.088821 3.178939 0.407969
26.210129 2.894491 0.531126
31.227396 3.971149 0.503182
28.261061 3.437346 0.522623
28.869184 3.596802 0.640179
30.902149 3.498461 0.641429
21.198353 3.179893 0.591078
26.481478 3.339622 0.598119
27.102102 2.750093 0.713339
27.338406 2.929654 0.581660
27.402908 3.378914 0.453959
25.483551 3.120079 0.346262
30.200222 4.234558 0.552688
26.766953 3.193025 0.420300
16.824768 2.002358 0.321723
25.430613 2.860393 0.412706
29.416080 3.617733 0.611143
33.456631 3.535769 0.597551
22.717222 3.657256 0.410393
28.921448 2.770007 0.553860
27.838436 3.837616 0.450057
22.334831 2.606682 0.381766
23.651604 2.568974 0.461591
29.519888 4.280801 0.590178
25.310032 2.781328 0.559279
28.843821 4.150304 0.597743
24.595524 4.005335 0.454545
20.707792 2.360739 0.216463
31.865885 4.491267 0.484109
28.628328 3.071211 0.469136
33.450481 4.229121 0.626405
23.446161 3.171289 0.435299
21.932278 3.014351 0.267014
39.202694 4.143192 0.736486
22.417625 2.521318 0.452475
25.262840 3.021788 0.521567
26.637884 3.085048 0.595674
33.868847 4.377716 0.519532
26.687799 3.799147 0.352107
35.156925 4.056205 0.700745
19.980045 2.512225 0.395271
28.615118 3.510667 0.730174
21.602383 2.577658 0.459948
24.010977 3.103714 0.510175
26.731724 3.242509 0.661419
26.402224 3.672450 0.551272
27.783789 3.405234 0.550158
24.460543 3.070621 0.246952
31.336603 4.562690 0.468512
23.463491 2.801689 0.422508
20.261938 2.216059 0.339917
27.225893 3.000460 0.565842
21.972404 2.793957 0.412432
28.364075 3.401258 0.557236
22.890379 3.309531 0.427041
28.974894 3.129229 0.573759
35.431911 3.687803 0.738854
28.694616 2.636042 0.643767
35.558556 4.057455 0.736252
19.090595 2.284163 0.283206
33.220890 4.921993 0.565449
25.708456 3.240888 0.409726
25.740854 2.986439 0.599251
21.159548 2.023015 0.472463
30.521614 3.517459 0.577937
25.282295 3.448607 0.504731
28.079065 3.240619 0.549768
32.650429 3.883213 0.654718
24.967489 3.185596 0.525071
27.175005 3.580496 0.483090
30.310556 3.902358 0.616985
29.021107 4.557296 0.493145
20.882721 2.576248 0.381406
31.458654 3.673799 0.561385
34.641068 4.784491 0.722048
24.183073 2.529402 0.434629
24.682566 2.673163 0.535076
22.725710 2.873014 0.438047
29.369434 3.073126 0.568976
22.720968 2.956279 0.392877
22.623238 2.866643 0.343518
25.180140 3.120615 0.556723
21.444536 2.570509 0.412908
22.628092 2.925033 0.400941
21.182327 2.583602 0.555399
26.481688 3.025584 0.588474
24.712982 2.914290 0.379654
34.312092 4.183837 0.681698
24.937286 3.117655 0.589438
25.760685 3.367210 0.574676
30.944275 2.939893 0.577941
29.835440 3.740660 0.540024
29.337765 3.685917 0.571654
31.272348 3.507315 0.610452
21.393875 2.696212 0.301663
26.509428 3.278419 0.466924
22.024635 2.762891 0.349520
27.419409 4.128113 0.597358
24.401848 3.086225 0.357379
30.911526 3.443872 0.634653
31.881390 3.683073 0.678722
34.749832 4.265604 0.669280
22.414541 3.102252 0.543223
32.998413 3.779648 0.624709
25.055761 2.622190 0.499664
18.135698 1.958339 0.311437
26.947584 3.474645 0.451105
21.816885 2.506021 0.314743
27.974211 3.822704 0.475175
26.705439 3.438126 0.660055
26.205618 2.665087 0.573186
23.353271 2.833746 0.474771
23.000364 2.475263 0.496661
24.985411 3.218840 0.459355
19.555321 2.504415 0.258585
21.984924 2.682446 0.351607
29.210207 4.533235 0.572356
30.019373 3.443564 0.661236
24.456844 3.486526 0.335972
34.542915 4.399226 0.592883
30.945969 4.466106 0.648294
28.222479 3.371865 0.512484
35.101521 3.611554 0.739650
27.556561 4.741230 0.501368
